          Dimensions           Particles         Metro-steps            Eq-steps          StepLength                Time          Analytical              Energy          Energy_std
                   3                   1               10000              100000             0.20000              192027                   1             1.50462             0.15483
                   3                   1               10000              100000             0.20000              231830                   0             1.50462             0.15483
                   3                   1               10000              100000             0.20000              195721                   1             1.50462             0.15483
                   3                   1               10000              100000             0.20000              232427                   0             1.50462             0.15483
                   3                   1               10000              100000             0.20000              199932                   1             1.50462             0.15483
                   3                   1               10000              100000             0.20000              243413                   0             1.50462             0.15483
                   3                   1               10000              100000             0.20000              197693                   1             1.50462             0.15483
                   3                   1               10000              100000             0.20000              233940                   0             1.50462             0.15483
                   3                   1               10000              100000             0.20000              190569                   1             1.50462             0.15483
                   3                   1               10000              100000             0.20000              231814                   0             1.50462             0.15483
                   3                   1               10000              100000             0.20000              197535                   1             1.50462             0.15483
                   3                   1               10000              100000             0.20000              243315                   0             1.50462             0.15483
                   3                   1               10000              100000             0.20000              194577                   1             1.50462             0.15483
                   3                   1               10000              100000             0.20000              236640                   0             1.50462             0.15483
                   3                   1               10000              100000             0.20000              199390                   1             1.50462             0.15483
                   3                   1               10000              100000             0.20000              245859                   0             1.50462             0.15483
                   3                   1               10000              100000             0.20000              193651                   1             1.50462             0.15483
                   3                   1               10000              100000             0.20000              241192                   0             1.50462             0.15483
                   3                   1               10000              100000             0.20000              191946                   1             1.50462             0.15483
                   3                   1               10000              100000             0.20000              230818                   0             1.50462             0.15483
                   3                   2               20000              100000             0.20000              249671                   1             3.01424             0.22438
                   3                   2               20000              100000             0.20000              404220                   0             3.01424             0.22438
                   3                   2               20000              100000             0.20000              259740                   1             3.01424             0.22438
                   3                   2               20000              100000             0.20000              404127                   0             3.01424             0.22438
                   3                   2               20000              100000             0.20000              248812                   1             3.01424             0.22438
                   3                   2               20000              100000             0.20000              405208                   0             3.01424             0.22438
                   3                   2               20000              100000             0.20000              259479                   1             3.01424             0.22438
                   3                   2               20000              100000             0.20000              438403                   0             3.01424             0.22438
                   3                   2               20000              100000             0.20000              268717                   1             3.01424             0.22438
                   3                   2               20000              100000             0.20000              432394                   0             3.01424             0.22438
                   3                   2               20000              100000             0.20000              267402                   1             3.01424             0.22438
                   3                   2               20000              100000             0.20000              448171                   0             3.01424             0.22438
                   3                   2               20000              100000             0.20000              263218                   1             3.01424             0.22438
                   3                   2               20000              100000             0.20000              508426                   0             3.01424             0.22438
                   3                   2               20000              100000             0.20000              289770                   1             3.01424             0.22438
                   3                   2               20000              100000             0.20000              419390                   0             3.01424             0.22438
                   3                   2               20000              100000             0.20000              267881                   1             3.01424             0.22438
                   3                   2               20000              100000             0.20000              450339                   0             3.01424             0.22438
                   3                   2               20000              100000             0.20000              263445                   1             3.01424             0.22438
                   3                   2               20000              100000             0.20000              452717                   0             3.01424             0.22438
                   3                   3               30000              100000             0.20000              347925                   1             4.54680             0.33114
                   3                   3               30000              100000             0.20000              819647                   0             4.54680             0.33114
                   3                   3               30000              100000             0.20000              340659                   1             4.54680             0.33114
                   3                   3               30000              100000             0.20000              746433                   0             4.54680             0.33114
                   3                   3               30000              100000             0.20000              326580                   1             4.54680             0.33114
                   3                   3               30000              100000             0.20000              679233                   0             4.54680             0.33114
                   3                   3               30000              100000             0.20000              330053                   1             4.54680             0.33114
                   3                   3               30000              100000             0.20000              745685                   0             4.54680             0.33114
                   3                   3               30000              100000             0.20000              327113                   1             4.54680             0.33114
                   3                   3               30000              100000             0.20000              746712                   0             4.54680             0.33114
                   3                   3               30000              100000             0.20000              337282                   1             4.54680             0.33114
                   3                   3               30000              100000             0.20000              757008                   0             4.54680             0.33114
                   3                   3               30000              100000             0.20000              327300                   1             4.54680             0.33114
                   3                   3               30000              100000             0.20000              745576                   0             4.54680             0.33114
                   3                   3               30000              100000             0.20000              329693                   1             4.54680             0.33114
                   3                   3               30000              100000             0.20000              749727                   0             4.54680             0.33114
                   3                   3               30000              100000             0.20000              328479                   1             4.54680             0.33114
                   3                   3               30000              100000             0.20000              747745                   0             4.54680             0.33114
                   3                   3               30000              100000             0.20000              328232                   1             4.54680             0.33114
                   3                   3               30000              100000             0.20000              749897                   0             4.54680             0.33114
                   3                   4               40000              100000             0.20000              433744                   1             6.08157             0.37141
                   3                   4               40000              100000             0.20000             1182294                   0             6.08157             0.37141
                   3                   4               40000              100000             0.20000              438328                   1             6.08157             0.37141
                   3                   4               40000              100000             0.20000             1060066                   0             6.08157             0.37141
                   3                   4               40000              100000             0.20000              486247                   1             6.08157             0.37141
                   3                   4               40000              100000             0.20000             1078355                   0             6.08157             0.37141
                   3                   4               40000              100000             0.20000              432894                   1             6.08157             0.37141
                   3                   4               40000              100000             0.20000             1191316                   0             6.08157             0.37141
                   3                   4               40000              100000             0.20000              442747                   1             6.08157             0.37141
                   3                   4               40000              100000             0.20000             1187140                   0             6.08157             0.37141
                   3                   4               40000              100000             0.20000              436118                   1             6.08157             0.37141
                   3                   4               40000              100000             0.20000             1083179                   0             6.08157             0.37141
                   3                   4               40000              100000             0.20000              445079                   1             6.08157             0.37141
                   3                   4               40000              100000             0.20000             1056580                   0             6.08157             0.37141
                   3                   4               40000              100000             0.20000              475707                   1             6.08157             0.37141
                   3                   4               40000              100000             0.20000             1217052                   0             6.08157             0.37141
                   3                   4               40000              100000             0.20000              498678                   1             6.08157             0.37141
                   3                   4               40000              100000             0.20000             1081828                   0             6.08157             0.37141
                   3                   4               40000              100000             0.20000              495467                   1             6.08157             0.37141
                   3                   4               40000              100000             0.20000             1090658                   0             6.08157             0.37141
                   3                   5               49999              100000             0.20000              649972                   1             7.59153             0.38728
                   3                   5               49999              100000             0.20000             1783096                   0             7.59153             0.38728
                   3                   5               49999              100000             0.20000              649799                   1             7.59153             0.38728
                   3                   5               49999              100000             0.20000             1781573                   0             7.59153             0.38728
                   3                   5               49999              100000             0.20000              650189                   1             7.59153             0.38728
                   3                   5               49999              100000             0.20000             1617140                   0             7.59153             0.38728
                   3                   5               49999              100000             0.20000              646399                   1             7.59153             0.38728
                   3                   5               49999              100000             0.20000             1613669                   0             7.59153             0.38728
                   3                   5               49999              100000             0.20000              650420                   1             7.59153             0.38728
                   3                   5               49999              100000             0.20000             1622457                   0             7.59153             0.38728
                   3                   5               49999              100000             0.20000              573816                   1             7.59153             0.38728
                   3                   5               49999              100000             0.20000             1613719                   0             7.59153             0.38728
                   3                   5               49999              100000             0.20000              576908                   1             7.59153             0.38728
                   3                   5               49999              100000             0.20000             1813055                   0             7.59153             0.38728
                   3                   5               49999              100000             0.20000              573562                   1             7.59153             0.38728
                   3                   5               49999              100000             0.20000             1625496                   0             7.59153             0.38728
                   3                   5               49999              100000             0.20000              574891                   1             7.59153             0.38728
                   3                   5               49999              100000             0.20000             1812115                   0             7.59153             0.38728
                   3                   5               49999              100000             0.20000              595956                   1             7.59153             0.38728
                   3                   5               49999              100000             0.20000             1795992                   0             7.59153             0.38728
                   3                  10              100000              100000             0.20000             1692420                   1            15.20218             0.51226
                   3                  10              100000              100000             0.20000             5800312                   0            15.20218             0.51226
                   3                  10              100000              100000             0.20000             1705714                   1            15.20218             0.51226
                   3                  10              100000              100000             0.20000             6486852                   0            15.20218             0.51226
                   3                  10              100000              100000             0.20000             1689995                   1            15.20218             0.51226
                   3                  10              100000              100000             0.20000             6603197                   0            15.20218             0.51226
                   3                  10              100000              100000             0.20000             1989875                   1            15.20218             0.51226
                   3                  10              100000              100000             0.20000             6425009                   0            15.20218             0.51226
                   3                  10              100000              100000             0.20000             2667972                   1            15.20218             0.51226
                   3                  10              100000              100000             0.20000             7264090                   0            15.20218             0.51226
                   3                  10              100000              100000             0.20000             1755782                   1            15.20218             0.51226
                   3                  10              100000              100000             0.20000             6678965                   0            15.20218             0.51226
                   3                  10              100000              100000             0.20000             1829734                   1            15.20218             0.51226
                   3                  10              100000              100000             0.20000             6627171                   0            15.20218             0.51226
                   3                  10              100000              100000             0.20000             1748639                   1            15.20218             0.51226
                   3                  10              100000              100000             0.20000             6649035                   0            15.20218             0.51226
                   3                  10              100000              100000             0.20000             1761784                   1            15.20218             0.51226
                   3                  10              100000              100000             0.20000             6550606                   0            15.20218             0.51226
                   3                  10              100000              100000             0.20000             1947340                   1            15.20218             0.51226
                   3                  10              100000              100000             0.20000             6513502                   0            15.20218             0.51226
                   3                  15              150000              100000             0.20000             3863649                   1            22.78238             0.69135
                   3                  15              150000              100000             0.20000            13510910                   0            22.78238             0.69135
                   3                  15              150000              100000             0.20000             3845989                   1            22.78238             0.69135
                   3                  15              150000              100000             0.20000            14174545                   0            22.78238             0.69135
                   3                  15              150000              100000             0.20000             3482138                   1            22.78238             0.69135
                   3                  15              150000              100000             0.20000            14220825                   0            22.78238             0.69135
                   3                  15              150000              100000             0.20000             3519876                   1            22.78238             0.69135
                   3                  15              150000              100000             0.20000            14294751                   0            22.78238             0.69135
                   3                  15              150000              100000             0.20000             3483094                   1            22.78238             0.69135
                   3                  15              150000              100000             0.20000            14454955                   0            22.78238             0.69135
                   3                  15              150000              100000             0.20000             3504664                   1            22.78238             0.69135
                   3                  15              150000              100000             0.20000            13164593                   0            22.78238             0.69135
                   3                  15              150000              100000             0.20000             3918277                   1            22.78238             0.69135
                   3                  15              150000              100000             0.20000            14420706                   0            22.78238             0.69135
                   3                  15              150000              100000             0.20000             3894783                   1            22.78238             0.69135
                   3                  15              150000              100000             0.20000            13119546                   0            22.78238             0.69135
                   3                  15              150000              100000             0.20000             3938439                   1            22.78238             0.69135
                   3                  15              150000              100000             0.20000            14412337                   0            22.78238             0.69135
                   3                  15              150000              100000             0.20000             3891212                   1            22.78238             0.69135
                   3                  15              150000              100000             0.20000            13161260                   0            22.78238             0.69135
                   3                  20              200000              100000             0.20000             6679084                   1            30.47132             0.76730
                   3                  20              200000              100000             0.20000            24536827                   0            30.47132             0.76730
                   3                  20              200000              100000             0.20000             6120930                   1            30.47132             0.76730
                   3                  20              200000              100000             0.20000            25929062                   0            30.47132             0.76730
                   3                  20              200000              100000             0.20000             6077143                   1            30.47132             0.76730
                   3                  20              200000              100000             0.20000            25539609                   0            30.47132             0.76730
                   3                  20              200000              100000             0.20000             6271637                   1            30.47132             0.76730
                   3                  20              200000              100000             0.20000            23584426                   0            30.47132             0.76730
                   3                  20              200000              100000             0.20000             6796822                   1            30.47132             0.76730
                   3                  20              200000              100000             0.20000            23145592                   0            30.47132             0.76730
                   3                  20              200000              100000             0.20000             7624038                   1            30.47132             0.76730
                   3                  20              200000              100000             0.20000            25960685                   0            30.47132             0.76730
                   3                  20              200000              100000             0.20000             8430190                   1            30.47132             0.76730
                   3                  20              200000              100000             0.20000            23957423                   0            30.47132             0.76730
                   3                  20              200000              100000             0.20000             6927603                   1            30.47132             0.76730
                   3                  20              200000              100000             0.20000            24528449                   0            30.47132             0.76730
                   3                  20              200000              100000             0.20000             6245725                   1            30.47132             0.76730
                   3                  20              200000              100000             0.20000            29244765                   0            30.47132             0.76730
                   3                  20              200000              100000             0.20000             8399818                   1            30.47132             0.76730
                   3                  20              200000              100000             0.20000            31032028                   0            30.47132             0.76730
                   3                  25              249999              100000             0.20000            10440407                   1            38.02554             0.83501
                   3                  25              249999              100000             0.20000            40897557                   0            38.02554             0.83501
                   3                  25              249999              100000             0.20000            10714752                   1            38.02554             0.83501
                   3                  25              249999              100000             0.20000            37988431                   0            38.02554             0.83501
                   3                  25              249999              100000             0.20000            10728420                   1            38.02554             0.83501
                   3                  25              249999              100000             0.20000            37205566                   0            38.02554             0.83501
                   3                  25              249999              100000             0.20000            10919771                   1            38.02554             0.83501
                   3                  25              249999              100000             0.20000            37920619                   0            38.02554             0.83501
                   3                  25              249999              100000             0.20000             9892102                   1            38.02554             0.83501
                   3                  25              249999              100000             0.20000            41684634                   0            38.02554             0.83501
                   3                  25              249999              100000             0.20000             9618049                   1            38.02554             0.83501
                   3                  25              249999              100000             0.20000            36902894                   0            38.02554             0.83501
                   3                  25              249999              100000             0.20000             9944040                   1            38.02554             0.83501
                   3                  25              249999              100000             0.20000            42033233                   0            38.02554             0.83501
                   3                  25              249999              100000             0.20000             9657338                   1            38.02554             0.83501
                   3                  25              249999              100000             0.20000            41770267                   0            38.02554             0.83501
                   3                  25              249999              100000             0.20000            10503906                   1            38.02554             0.83501
                   3                  25              249999              100000             0.20000            40886143                   0            38.02554             0.83501
                   3                  25              249999              100000             0.20000            10532739                   1            38.02554             0.83501
                   3                  25              249999              100000             0.20000            40904454                   0            38.02554             0.83501
                   3                  30              300000              100000             0.20000            14142909                   1            45.55211             0.89988
                   3                  30              300000              100000             0.20000            59492980                   0            45.55211             0.89988
                   3                  30              300000              100000             0.20000            15262151                   1            45.55211             0.89988
                   3                  30              300000              100000             0.20000            58667070                   0            45.55211             0.89988
                   3                  30              300000              100000             0.20000            13919104                   1            45.55211             0.89988
                   3                  30              300000              100000             0.20000            53295835                   0            45.55211             0.89988
                   3                  30              300000              100000             0.20000            16334548                   1            45.55211             0.89988
                   3                  30              300000              100000             0.20000            62281523                   0            45.55211             0.89988
                   3                  30              300000              100000             0.20000            14099676                   1            45.55211             0.89988
                   3                  30              300000              100000             0.20000            61480037                   0            45.55211             0.89988
                   3                  30              300000              100000             0.20000            14059424                   1            45.55211             0.89988
                   3                  30              300000              100000             0.20000            60465727                   0            45.55211             0.89988
                   3                  30              300000              100000             0.20000            15204792                   1            45.55211             0.89988
                   3                  30              300000              100000             0.20000            55903719                   0            45.55211             0.89988
                   3                  30              300000              100000             0.20000            15735030                   1            45.55211             0.89988
                   3                  30              300000              100000             0.20000            53698467                   0            45.55211             0.89988
                   3                  30              300000              100000             0.20000            14454694                   1            45.55211             0.89988
                   3                  30              300000              100000             0.20000            62479110                   0            45.55211             0.89988
                   3                  30              300000              100000             0.20000            13962838                   1            45.55211             0.89988
                   3                  30              300000              100000             0.20000            61796300                   0            45.55211             0.89988
                   3                  40              400000              100000             0.20000            27320118                   1            60.58902             1.11724
                   3                  40              400000              100000             0.20000           108138881                   0            60.58902             1.11724
                   3                  40              400000              100000             0.20000            25514319                   1            60.58902             1.11724
                   3                  40              400000              100000             0.20000           106960275                   0            60.58902             1.11724
                   3                  40              400000              100000             0.20000            27611955                   1            60.58902             1.11724
                   3                  40              400000              100000             0.20000           111737220                   0            60.58902             1.11724
                   3                  40              400000              100000             0.20000            25402523                   1            60.58902             1.11724
                   3                  40              400000              100000             0.20000           106678835                   0            60.58902             1.11724
                   3                  40              400000              100000             0.20000            24724803                   1            60.58902             1.11724
                   3                  40              400000              100000             0.20000            96800444                   0            60.58902             1.11724
                   3                  40              400000              100000             0.20000            24940380                   1            60.58902             1.11724
                   3                  40              400000              100000             0.20000           105115059                   0            60.58902             1.11724
                   3                  40              400000              100000             0.20000            25456876                   1            60.58902             1.11724
                   3                  40              400000              100000             0.20000           105792491                   0            60.58902             1.11724
                   3                  40              400000              100000             0.20000            25226859                   1            60.58902             1.11724
                   3                  40              400000              100000             0.20000           105210348                   0            60.58902             1.11724
                   3                  40              400000              100000             0.20000            27268729                   1            60.58902             1.11724
                   3                  40              400000              100000             0.20000           103726964                   0            60.58902             1.11724
                   3                  40              400000              100000             0.20000            25161073                   1            60.58902             1.11724
                   3                  40              400000              100000             0.20000           117688004                   0            60.58902             1.11724
                   3                  50              499999              100000             0.20000            43663512                   1            75.80956             1.16544
                   3                  50              499999              100000             0.20000           171004274                   0            75.80956             1.16544
                   3                  50              499999              100000             0.20000            44454068                   1            75.80956             1.16544
                   3                  50              499999              100000             0.20000           165255365                   0            75.80956             1.16544
                   3                  50              499999              100000             0.20000            39856715                   1            75.80956             1.16544
                   3                  50              499999              100000             0.20000           166582116                   0            75.80956             1.16544
                   3                  50              499999              100000             0.20000            38174831                   1            75.80956             1.16544
                   3                  50              499999              100000             0.20000           148686124                   0            75.80956             1.16544
                   3                  50              499999              100000             0.20000            38660593                   1            75.80956             1.16544
                   3                  50              499999              100000             0.20000           161420291                   0            75.80956             1.16544
                   3                  50              499999              100000             0.20000            42375801                   1            75.80956             1.16544
                   3                  50              499999              100000             0.20000           169361770                   0            75.80956             1.16544
                   3                  50              499999              100000             0.20000            40933660                   1            75.80956             1.16544
                   3                  50              499999              100000             0.20000           169815216                   0            75.80956             1.16544
                   3                  50              499999              100000             0.20000            40128423                   1            75.80956             1.16544
                   3                  50              499999              100000             0.20000           169597041                   0            75.80956             1.16544
                   3                  50              499999              100000             0.20000            43242379                   1            75.80956             1.16544
                   3                  50              499999              100000             0.20000           165025643                   0            75.80956             1.16544
                   3                  50              499999              100000             0.20000            44436221                   1            75.80956             1.16544
                   3                  50              499999              100000             0.20000           172093128                   0            75.80956             1.16544
