          Dimensions           Particles         Metro-steps          StepLength                 WF1              Energy          Energy_std          Energy_var             Alpha_0               Epoch               Alpha                Beta
                   3                  10               10000             0.10000             0.10000            10.56920             2.68040             7.18455             0.10000                   0             0.10000             0.00000
                   3                  10               10000             0.10000             0.39936            15.01862             0.73706             0.54326             0.10000                   1             0.39936             0.00000
                   3                  10               10000             0.10000             0.45937            14.80561             0.27892             0.07779             0.10000                   2             0.45937             0.00000
                   3                  10               10000             0.10000             0.47933            14.87743             0.12677             0.01607             0.10000                   3             0.47933             0.00000
                   3                  10               10000             0.10000             0.48728            14.82444             0.04962             0.00246             0.10000                   4             0.48728             0.00000
                   3                  10               10000             0.10000             0.48924            14.84772             0.03961             0.00157             0.10000                   5             0.48924             0.00000
                   3                  10               10000             0.10000             0.49071            14.93457             0.08178             0.00669             0.10000                   6             0.49071             0.00000
                   3                  10               10000             0.10000             0.49798            14.97881             0.01082             0.00012             0.10000                   7             0.49798             0.00000
                   3                  10               10000             0.10000             0.49856            14.98313             0.00853             0.00007             0.10000                   8             0.49856             0.00000
                   3                  10               10000             0.10000             0.49906            14.98920             0.00382             0.00001             0.10000                   9             0.49906             0.00000
                   3                  10               10000             0.10000             0.49921            14.99146             0.00246             0.00001             0.10000                  10             0.49921             0.00000
                   3                  10               10000             0.10000             0.49929            14.99393             0.00450             0.00002             0.10000                  11             0.49929             0.00000
                   3                  10               10000             0.10000             0.49958            14.99434             0.00233             0.00001             0.10000                  12             0.49958             0.00000
                   3                  10               10000             0.10000             0.49970            14.99660             0.00100             0.00000             0.10000                  13             0.49970             0.00000
                   3                  10               10000             0.10000             0.49974            14.99675             0.00072             0.00000             0.10000                  14             0.49974             0.00000
                   3                  10               10000             0.10000             0.49976            14.99724             0.00090             0.00000             0.10000                  15             0.49976             0.00000
                   3                  10               10000             0.10000             0.49979            14.99842             0.00157             0.00000             0.10000                  16             0.49979             0.00000
                   3                  10               10000             0.10000             0.49991            14.99924             0.00046             0.00000             0.10000                  17             0.49991             0.00000
                   3                  10               10000             0.10000             0.49993            14.99902             0.00022             0.00000             0.10000                  18             0.49993             0.00000
                   3                  10               10000             0.10000             0.49994            14.99929             0.00024             0.00000             0.10000                  19             0.49994             0.00000
                   3                  10               10000             0.10000             0.49995            14.99931             0.00035             0.00000             0.10000                  20             0.49995             0.00000
                   3                  10               10000             0.10000             0.49998            14.99981             0.00016             0.00000             0.10000                  21             0.49998             0.00000
                   3                  10               10000             0.10000             0.49999            14.99978             0.00003             0.00000             0.10000                  22             0.49999             0.00000
                   3                  10               10000             0.10000             0.49999            14.99978             0.00003             0.00000             0.10000                  23             0.49999             0.00000
                   3                  10               10000             0.10000             0.20000            11.76395             1.78852             3.19879             0.20000                   0             0.20000             0.00000
                   3                  10               10000             0.10000             0.35232            15.02300             1.14166             1.30338             0.20000                   1             0.35232             0.00000
                   3                  10               10000             0.10000             0.45587            14.78911             0.30932             0.09568             0.20000                   2             0.45587             0.00000
                   3                  10               10000             0.10000             0.47856            14.86841             0.13501             0.01823             0.20000                   3             0.47856             0.00000
                   3                  10               10000             0.10000             0.48724            14.82042             0.04941             0.00244             0.20000                   4             0.48724             0.00000
                   3                  10               10000             0.10000             0.48918            14.84507             0.03963             0.00157             0.20000                   5             0.48918             0.00000
                   3                  10               10000             0.10000             0.49065            14.93377             0.08205             0.00673             0.20000                   6             0.49065             0.00000
                   3                  10               10000             0.10000             0.49792            14.97820             0.01127             0.00013             0.20000                   7             0.49792             0.00000
                   3                  10               10000             0.10000             0.49853            14.98283             0.00872             0.00008             0.20000                   8             0.49853             0.00000
                   3                  10               10000             0.10000             0.49905            14.98917             0.00394             0.00002             0.20000                   9             0.49905             0.00000
                   3                  10               10000             0.10000             0.49922            14.99157             0.00256             0.00001             0.20000                  10             0.49922             0.00000
                   3                  10               10000             0.10000             0.49930            14.99391             0.00447             0.00002             0.20000                  11             0.49930             0.00000
                   3                  10               10000             0.10000             0.49959            14.99448             0.00233             0.00001             0.20000                  12             0.49959             0.00000
                   3                  10               10000             0.10000             0.49972            14.99674             0.00096             0.00000             0.20000                  13             0.49972             0.00000
                   3                  10               10000             0.10000             0.49975            14.99681             0.00070             0.00000             0.20000                  14             0.49975             0.00000
                   3                  10               10000             0.10000             0.49977            14.99731             0.00088             0.00000             0.20000                  15             0.49977             0.00000
                   3                  10               10000             0.10000             0.49980            14.99842             0.00147             0.00000             0.20000                  16             0.49980             0.00000
                   3                  10               10000             0.10000             0.49991            14.99922             0.00046             0.00000             0.20000                  17             0.49991             0.00000
                   3                  10               10000             0.10000             0.49993            14.99899             0.00022             0.00000             0.20000                  18             0.49993             0.00000
                   3                  10               10000             0.10000             0.49994            14.99929             0.00026             0.00000             0.20000                  19             0.49994             0.00000
                   3                  10               10000             0.10000             0.49995            14.99930             0.00035             0.00000             0.20000                  20             0.49995             0.00000
                   3                  10               10000             0.10000             0.49998            14.99981             0.00016             0.00000             0.20000                  21             0.49998             0.00000
                   3                  10               10000             0.10000             0.49999            14.99978             0.00003             0.00000             0.20000                  22             0.49999             0.00000
                   3                  10               10000             0.10000             0.49999            14.99978             0.00003             0.00000             0.20000                  23             0.49999             0.00000
                   3                  10               10000             0.10000             0.30000            12.75186             1.08821             1.18420             0.30000                   0             0.30000             0.00000
                   3                  10               10000             0.10000             0.37401            14.94952             0.95143             0.90522             0.30000                   1             0.37401             0.00000
                   3                  10               10000             0.10000             0.45622            14.76993             0.31315             0.09806             0.30000                   2             0.45622             0.00000
                   3                  10               10000             0.10000             0.47964            14.86013             0.12967             0.01681             0.30000                   3             0.47964             0.00000
                   3                  10               10000             0.10000             0.48807            14.82805             0.04538             0.00206             0.30000                   4             0.48807             0.00000
                   3                  10               10000             0.10000             0.48982            14.85438             0.03877             0.00150             0.30000                   5             0.48982             0.00000
                   3                  10               10000             0.10000             0.49131            14.93776             0.07725             0.00597             0.30000                   6             0.49131             0.00000
                   3                  10               10000             0.10000             0.49824            14.98088             0.00989             0.00010             0.30000                   7             0.49824             0.00000
                   3                  10               10000             0.10000             0.49880            14.98575             0.00731             0.00005             0.30000                   8             0.49880             0.00000
                   3                  10               10000             0.10000             0.49925            14.99110             0.00323             0.00001             0.30000                   9             0.49925             0.00000
                   3                  10               10000             0.10000             0.49939            14.99318             0.00207             0.00000             0.30000                  10             0.49939             0.00000
                   3                  10               10000             0.10000             0.49946            14.99510             0.00356             0.00001             0.30000                  11             0.49946             0.00000
                   3                  10               10000             0.10000             0.49969            14.99575             0.00181             0.00000             0.30000                  12             0.49969             0.00000
                   3                  10               10000             0.10000             0.49979            14.99760             0.00074             0.00000             0.30000                  13             0.49979             0.00000
                   3                  10               10000             0.10000             0.49982            14.99765             0.00052             0.00000             0.30000                  14             0.49982             0.00000
                   3                  10               10000             0.10000             0.49984            14.99804             0.00065             0.00000             0.30000                  15             0.49984             0.00000
                   3                  10               10000             0.10000             0.49986            14.99884             0.00102             0.00000             0.30000                  16             0.49986             0.00000
                   3                  10               10000             0.10000             0.49994            14.99943             0.00032             0.00000             0.30000                  17             0.49994             0.00000
                   3                  10               10000             0.10000             0.49995            14.99931             0.00015             0.00000             0.30000                  18             0.49995             0.00000
                   3                  10               10000             0.10000             0.49996            14.99952             0.00018             0.00000             0.30000                  19             0.49996             0.00000
                   3                  10               10000             0.10000             0.49997            14.99954             0.00023             0.00000             0.30000                  20             0.49997             0.00000
                   3                  10               10000             0.10000             0.49998            14.99987             0.00011             0.00000             0.30000                  21             0.49998             0.00000
                   3                  10               10000             0.10000             0.49999            14.99986             0.00002             0.00000             0.30000                  22             0.49999             0.00000
                   3                  10               10000             0.10000             0.49999            14.99986             0.00002             0.00000             0.30000                  23             0.49999             0.00000
                   3                  10               10000             0.10000             0.40000            13.83725             0.47479             0.22542             0.40000                   0             0.40000             0.00000
                   3                  10               10000             0.10000             0.42505            14.96012             0.53783             0.28926             0.40000                   1             0.42505             0.00000
                   3                  10               10000             0.10000             0.46677            14.82520             0.23866             0.05696             0.40000                   2             0.46677             0.00000
                   3                  10               10000             0.10000             0.48449            14.89318             0.09975             0.00995             0.40000                   3             0.48449             0.00000
                   3                  10               10000             0.10000             0.49101            14.86990             0.03449             0.00119             0.40000                   4             0.49101             0.00000
                   3                  10               10000             0.10000             0.49235            14.89048             0.02913             0.00085             0.40000                   5             0.49235             0.00000
                   3                  10               10000             0.10000             0.49346            14.95184             0.05927             0.00351             0.40000                   6             0.49346             0.00000
                   3                  10               10000             0.10000             0.49887            14.98758             0.00634             0.00004             0.40000                   7             0.49887             0.00000
                   3                  10               10000             0.10000             0.49923            14.99081             0.00470             0.00002             0.40000                   8             0.49923             0.00000
                   3                  10               10000             0.10000             0.49952            14.99425             0.00207             0.00000             0.40000                   9             0.49952             0.00000
                   3                  10               10000             0.10000             0.49961            14.99558             0.00131             0.00000             0.40000                  10             0.49961             0.00000
                   3                  10               10000             0.10000             0.49965            14.99681             0.00226             0.00001             0.40000                  11             0.49965             0.00000
                   3                  10               10000             0.10000             0.49980            14.99726             0.00115             0.00000             0.40000                  12             0.49980             0.00000
                   3                  10               10000             0.10000             0.49987            14.99845             0.00049             0.00000             0.40000                  13             0.49987             0.00000
                   3                  10               10000             0.10000             0.49988            14.99847             0.00033             0.00000             0.40000                  14             0.49988             0.00000
                   3                  10               10000             0.10000             0.49989            14.99873             0.00043             0.00000             0.40000                  15             0.49989             0.00000
                   3                  10               10000             0.10000             0.49991            14.99924             0.00066             0.00000             0.40000                  16             0.49991             0.00000
                   3                  10               10000             0.10000             0.49996            14.99963             0.00020             0.00000             0.40000                  17             0.49996             0.00000
                   3                  10               10000             0.10000             0.49997            14.99956             0.00010             0.00000             0.40000                  18             0.49997             0.00000
                   3                  10               10000             0.10000             0.49997            14.99968             0.00011             0.00000             0.40000                  19             0.49997             0.00000
                   3                  10               10000             0.10000             0.49998            14.99970             0.00015             0.00000             0.40000                  20             0.49998             0.00000
                   3                  10               10000             0.10000             0.49999            14.99992             0.00007             0.00000             0.40000                  21             0.49999             0.00000
                   3                  10               10000             0.10000             0.49999            14.99991             0.00001             0.00000             0.40000                  22             0.49999             0.00000
                   3                  10               10000             0.10000             0.50000            14.99991             0.00001             0.00000             0.40000                  23             0.50000             0.00000
                   3                  10               10000             0.10000             0.50000            15.00000             0.00000             0.00000             0.50000                   0             0.50000             0.00000
                   3                  10               10000             0.10000             0.50000            15.00000             0.00000             0.00000             0.50000                   1             0.50000             0.00000
                   3                  10               10000             0.10000             0.60000            16.22421             0.35056             0.12289             0.60000                   0             0.60000             0.00000
                   3                  10               10000             0.10000             0.58883            15.04964             0.56432             0.31846             0.60000                   1             0.58883             0.00000
                   3                  10               10000             0.10000             0.55590            15.31407             0.36328             0.13197             0.60000                   2             0.55590             0.00000
                   3                  10               10000             0.10000             0.53354            15.25627             0.20616             0.04250             0.60000                   3             0.53354             0.00000
                   3                  10               10000             0.10000             0.52128            15.30638             0.08316             0.00692             0.60000                   4             0.52128             0.00000
                   3                  10               10000             0.10000             0.51810            15.25875             0.07032             0.00495             0.60000                   5             0.51810             0.00000
                   3                  10               10000             0.10000             0.51542            15.11925             0.13972             0.01952             0.60000                   6             0.51542             0.00000
                   3                  10               10000             0.10000             0.50295            15.03294             0.01631             0.00027             0.60000                   7             0.50295             0.00000
                   3                  10               10000             0.10000             0.50205            15.02479             0.01265             0.00016             0.60000                   8             0.50205             0.00000
                   3                  10               10000             0.10000             0.50127            15.01572             0.00541             0.00003             0.60000                   9             0.50127             0.00000
                   3                  10               10000             0.10000             0.50104            15.01212             0.00351             0.00001             0.60000                  10             0.50104             0.00000
                   3                  10               10000             0.10000             0.50092            15.00861             0.00613             0.00004             0.60000                  11             0.50092             0.00000
                   3                  10               10000             0.10000             0.50052            15.00732             0.00293             0.00001             0.60000                  12             0.50052             0.00000
                   3                  10               10000             0.10000             0.50035            15.00430             0.00129             0.00000             0.60000                  13             0.50035             0.00000
                   3                  10               10000             0.10000             0.50031            15.00417             0.00089             0.00000             0.60000                  14             0.50031             0.00000
                   3                  10               10000             0.10000             0.50028            15.00340             0.00113             0.00000             0.60000                  15             0.50028             0.00000
                   3                  10               10000             0.10000             0.50023            15.00200             0.00175             0.00000             0.60000                  16             0.50023             0.00000
                   3                  10               10000             0.10000             0.50010            15.00102             0.00054             0.00000             0.60000                  17             0.50010             0.00000
                   3                  10               10000             0.10000             0.50008            15.00115             0.00027             0.00000             0.60000                  18             0.50008             0.00000
                   3                  10               10000             0.10000             0.50007            15.00083             0.00029             0.00000             0.60000                  19             0.50007             0.00000
                   3                  10               10000             0.10000             0.50005            15.00079             0.00039             0.00000             0.60000                  20             0.50005             0.00000
                   3                  10               10000             0.10000             0.50003            15.00021             0.00018             0.00000             0.60000                  21             0.50003             0.00000
                   3                  10               10000             0.10000             0.50001            15.00021             0.00003             0.00000             0.60000                  22             0.50001             0.00000
                   3                  10               10000             0.10000             0.50001            15.00021             0.00003             0.00000             0.60000                  23             0.50001             0.00000
                   3                  10               10000             0.10000             0.70000            17.50553             0.62992             0.39680             0.70000                   0             0.70000             0.00000
                   3                  10               10000             0.10000             0.68347            15.26460             1.10529             1.22168             0.70000                   1             0.68347             0.00000
                   3                  10               10000             0.10000             0.62720            15.74858             0.75047             0.56320             0.70000                   2             0.62720             0.00000
                   3                  10               10000             0.10000             0.58792            15.72103             0.52698             0.27770             0.70000                   3             0.58792             0.00000
                   3                  10               10000             0.10000             0.55889            15.86302             0.23189             0.05377             0.70000                   4             0.55889             0.00000
                   3                  10               10000             0.10000             0.55027            15.71474             0.20115             0.04046             0.70000                   5             0.55027             0.00000
                   3                  10               10000             0.10000             0.54260            15.31967             0.39571             0.15659             0.70000                   6             0.54260             0.00000
                   3                  10               10000             0.10000             0.50734            15.08233             0.04141             0.00171             0.70000                   7             0.50734             0.00000
                   3                  10               10000             0.10000             0.50503            15.06121             0.03118             0.00097             0.70000                   8             0.50503             0.00000
                   3                  10               10000             0.10000             0.50310            15.03850             0.01359             0.00018             0.70000                   9             0.50310             0.00000
                   3                  10               10000             0.10000             0.50251            15.02941             0.00863             0.00007             0.70000                  10             0.50251             0.00000
                   3                  10               10000             0.10000             0.50221            15.02201             0.01449             0.00021             0.70000                  11             0.50221             0.00000
                   3                  10               10000             0.10000             0.50127            15.01798             0.00727             0.00005             0.70000                  12             0.50127             0.00000
                   3                  10               10000             0.10000             0.50085            15.01057             0.00316             0.00001             0.70000                  13             0.50085             0.00000
                   3                  10               10000             0.10000             0.50074            15.01027             0.00214             0.00000             0.70000                  14             0.50074             0.00000
                   3                  10               10000             0.10000             0.50068            15.00840             0.00274             0.00001             0.70000                  15             0.50068             0.00000
                   3                  10               10000             0.10000             0.50056            15.00487             0.00424             0.00002             0.70000                  16             0.50056             0.00000
                   3                  10               10000             0.10000             0.50024            15.00252             0.00128             0.00000             0.70000                  17             0.50024             0.00000
                   3                  10               10000             0.10000             0.50018            15.00276             0.00064             0.00000             0.70000                  18             0.50018             0.00000
                   3                  10               10000             0.10000             0.50016            15.00199             0.00068             0.00000             0.70000                  19             0.50016             0.00000
                   3                  10               10000             0.10000             0.50013            15.00190             0.00090             0.00000             0.70000                  20             0.50013             0.00000
                   3                  10               10000             0.10000             0.50006            15.00053             0.00044             0.00000             0.70000                  21             0.50006             0.00000
                   3                  10               10000             0.10000             0.50003            15.00053             0.00007             0.00000             0.70000                  22             0.50003             0.00000
                   3                  10               10000             0.10000             0.50003            15.00031             0.00015             0.00000             0.70000                  23             0.50003             0.00000
                   3                  10               10000             0.10000             0.50002            15.00034             0.00006             0.00000             0.70000                  24             0.50002             0.00000
                   3                  10               10000             0.10000             0.50002            15.00020             0.00011             0.00000             0.70000                  25             0.50002             0.00000
                   3                  10               10000             0.10000             0.50001            15.00008             0.00008             0.00000             0.70000                  26             0.50001             0.00000
                   3                  10               10000             0.10000             0.50001            15.00006             0.00007             0.00000             0.70000                  27             0.50001             0.00000
                   3                  10               10000             0.10000             0.50000            15.00000             0.00000             0.00000             0.70000                  28             0.50000             0.00000
                   3                  10               10000             0.10000             0.50000            15.00000             0.00000             0.00000             0.70000                  29             0.50000             0.00000
                   3                  10               10000             0.10000             0.80000            18.75109             0.87839             0.77157             0.80000                   0             0.80000             0.00000
                   3                  10               10000             0.10000             0.78022            15.48153             1.54935             2.40050             0.80000                   1             0.78022             0.00000
                   3                  10               10000             0.10000             0.71330            16.48270             1.08012             1.16666             0.80000                   2             0.71330             0.00000
                   3                  10               10000             0.10000             0.66822            16.44754             0.91927             0.84506             0.80000                   3             0.66822             0.00000
                   3                  10               10000             0.10000             0.62522            16.77697             0.51579             0.26604             0.80000                   4             0.62522             0.00000
                   3                  10               10000             0.10000             0.60634            16.46228             0.42582             0.18132             0.80000                   5             0.60634             0.00000
                   3                  10               10000             0.10000             0.59093            15.66411             0.83029             0.68939             0.80000                   6             0.59093             0.00000
                   3                  10               10000             0.10000             0.52143            15.23920             0.12026             0.01446             0.80000                   7             0.52143             0.00000
                   3                  10               10000             0.10000             0.51482            15.18085             0.09159             0.00839             0.80000                   8             0.51482             0.00000
                   3                  10               10000             0.10000             0.50924            15.11645             0.04027             0.00162             0.80000                   9             0.50924             0.00000
                   3                  10               10000             0.10000             0.50750            15.09011             0.02504             0.00063             0.80000                  10             0.50750             0.00000
                   3                  10               10000             0.10000             0.50667            15.06556             0.04463             0.00199             0.80000                  11             0.50667             0.00000
                   3                  10               10000             0.10000             0.50370            15.05205             0.02123             0.00045             0.80000                  12             0.50370             0.00000
                   3                  10               10000             0.10000             0.50249            15.03103             0.00923             0.00009             0.80000                  13             0.50249             0.00000
                   3                  10               10000             0.10000             0.50215            15.03012             0.00634             0.00004             0.80000                  14             0.50215             0.00000
                   3                  10               10000             0.10000             0.50196            15.02440             0.00823             0.00007             0.80000                  15             0.50196             0.00000
                   3                  10               10000             0.10000             0.50162            15.01406             0.01233             0.00015             0.80000                  16             0.50162             0.00000
                   3                  10               10000             0.10000             0.50068            15.00717             0.00349             0.00001             0.80000                  17             0.50068             0.00000
                   3                  10               10000             0.10000             0.50051            15.00784             0.00186             0.00000             0.80000                  18             0.50051             0.00000
                   3                  10               10000             0.10000             0.50044            15.00561             0.00196             0.00000             0.80000                  19             0.50044             0.00000
                   3                  10               10000             0.10000             0.50035            15.00528             0.00251             0.00001             0.80000                  20             0.50035             0.00000
                   3                  10               10000             0.10000             0.50017            15.00152             0.00121             0.00000             0.80000                  21             0.50017             0.00000
                   3                  10               10000             0.10000             0.50008            15.00148             0.00020             0.00000             0.80000                  22             0.50008             0.00000
                   3                  10               10000             0.10000             0.50008            15.00087             0.00044             0.00000             0.80000                  23             0.50008             0.00000
                   3                  10               10000             0.10000             0.50006            15.00094             0.00017             0.00000             0.80000                  24             0.50006             0.00000
                   3                  10               10000             0.10000             0.50005            15.00055             0.00031             0.00000             0.80000                  25             0.50005             0.00000
                   3                  10               10000             0.10000             0.50003            15.00022             0.00021             0.00000             0.80000                  26             0.50003             0.00000
                   3                  10               10000             0.10000             0.50002            15.00017             0.00020             0.00000             0.80000                  27             0.50002             0.00000
                   3                  10               10000             0.10000             0.50000            14.99999             0.00001             0.00000             0.80000                  28             0.50000             0.00000
                   3                  10               10000             0.10000             0.50000            15.00000             0.00000             0.00000             0.80000                  29             0.50000             0.00000
                   3                  10               10000             0.10000             0.50000            15.00000             0.00000             0.00000             0.80000                  30             0.50000             0.00000
                   3                  10               10000             0.10000             0.90000            20.02145             1.12164             1.25808             0.90000                   0             0.90000             0.00000
                   3                  10               10000             0.10000             0.87753            15.61843             1.99743             3.98973             0.90000                   1             0.87753             0.00000
                   3                  10               10000             0.10000             0.80082            17.04195             1.48917             2.21761             0.90000                   2             0.80082             0.00000
                   3                  10               10000             0.10000             0.74415            17.31275             1.20083             1.44199             0.90000                   3             0.74415             0.00000
                   3                  10               10000             0.10000             0.69667            17.81901             0.83452             0.69642             0.90000                   4             0.69667             0.00000
                   3                  10               10000             0.10000             0.66708            17.33709             0.65309             0.42652             0.90000                   5             0.66708             0.00000
                   3                  10               10000             0.10000             0.64521            16.07773             1.30628             1.70637             0.90000                   6             0.64521             0.00000
                   3                  10               10000             0.10000             0.54260            15.48761             0.24073             0.05795             0.90000                   7             0.54260             0.00000
                   3                  10               10000             0.10000             0.52956            15.36379             0.18566             0.03447             0.90000                   8             0.52956             0.00000
                   3                  10               10000             0.10000             0.51823            15.23965             0.07713             0.00595             0.90000                   9             0.51823             0.00000
                   3                  10               10000             0.10000             0.51502            15.18868             0.04935             0.00244             0.90000                  10             0.51502             0.00000
                   3                  10               10000             0.10000             0.51343            15.13404             0.09023             0.00814             0.90000                  11             0.51343             0.00000
                   3                  10               10000             0.10000             0.50744            15.10507             0.04375             0.00191             0.90000                  12             0.50744             0.00000
                   3                  10               10000             0.10000             0.50489            15.06102             0.01861             0.00035             0.90000                  13             0.50489             0.00000
                   3                  10               10000             0.10000             0.50418            15.05857             0.01293             0.00017             0.90000                  14             0.50418             0.00000
                   3                  10               10000             0.10000             0.50378            15.04804             0.01625             0.00026             0.90000                  15             0.50378             0.00000
                   3                  10               10000             0.10000             0.50309            15.02815             0.02370             0.00056             0.90000                  16             0.50309             0.00000
                   3                  10               10000             0.10000             0.50128            15.01355             0.00661             0.00004             0.90000                  17             0.50128             0.00000
                   3                  10               10000             0.10000             0.50093            15.01434             0.00352             0.00001             0.90000                  18             0.50093             0.00000
                   3                  10               10000             0.10000             0.50080            15.01042             0.00368             0.00001             0.90000                  19             0.50080             0.00000
                   3                  10               10000             0.10000             0.50063            15.00950             0.00454             0.00002             0.90000                  20             0.50063             0.00000
                   3                  10               10000             0.10000             0.50031            15.00284             0.00218             0.00000             0.90000                  21             0.50031             0.00000
                   3                  10               10000             0.10000             0.50015            15.00267             0.00035             0.00000             0.90000                  22             0.50015             0.00000
                   3                  10               10000             0.10000             0.50014            15.00159             0.00078             0.00000             0.90000                  23             0.50014             0.00000
                   3                  10               10000             0.10000             0.50010            15.00166             0.00031             0.00000             0.90000                  24             0.50010             0.00000
                   3                  10               10000             0.10000             0.50009            15.00097             0.00056             0.00000             0.90000                  25             0.50009             0.00000
                   3                  10               10000             0.10000             0.50006            15.00040             0.00035             0.00000             0.90000                  26             0.50006             0.00000
                   3                  10               10000             0.10000             0.50003            15.00030             0.00035             0.00000             0.90000                  27             0.50003             0.00000
                   3                  10               10000             0.10000             0.50000            14.99998             0.00003             0.00000             0.90000                  28             0.50000             0.00000
                   3                  10               10000             0.10000             0.50000            15.00000             0.00000             0.00000             0.90000                  29             0.50000             0.00000
                   3                  10               10000             0.10000             0.50000            15.00000             0.00000             0.00000             0.90000                  30             0.50000             0.00000
                   3                  10               10000             0.10000             1.00000            21.45571             1.26216             1.59304             1.00000                   0             1.00000             0.00000
                   3                  10               10000             0.10000             0.97876            15.64838             2.42815             5.89593             1.00000                   1             0.97876             0.00000
                   3                  10               10000             0.10000             0.89548            17.75589             1.77856             3.16326             1.00000                   2             0.89548             0.00000
                   3                  10               10000             0.10000             0.83816            18.10771             1.61280             2.60111             1.00000                   3             0.83816             0.00000
                   3                  10               10000             0.10000             0.78068            19.05101             1.17884             1.38967             1.00000                   4             0.78068             0.00000
                   3                  10               10000             0.10000             0.74202            18.23574             0.98349             0.96726             1.00000                   5             0.74202             0.00000
                   3                  10               10000             0.10000             0.70984            16.56339             1.78923             3.20133             1.00000                   6             0.70984             0.00000
                   3                  10               10000             0.10000             0.58375            15.95014             0.46384             0.21515             1.00000                   7             0.58375             0.00000
                   3                  10               10000             0.10000             0.56004            15.72435             0.37920             0.14379             1.00000                   8             0.56004             0.00000
                   3                  10               10000             0.10000             0.53745            15.48572             0.15817             0.02502             1.00000                   9             0.53745             0.00000
                   3                  10               10000             0.10000             0.53101            15.38574             0.10051             0.01010             1.00000                  10             0.53101             0.00000
                   3                  10               10000             0.10000             0.52785            15.27355             0.18746             0.03514             1.00000                  11             0.52785             0.00000
                   3                  10               10000             0.10000             0.51558            15.21896             0.09170             0.00841             1.00000                  12             0.51558             0.00000
                   3                  10               10000             0.10000             0.51026            15.12757             0.03904             0.00152             1.00000                  13             0.51026             0.00000
                   3                  10               10000             0.10000             0.50879            15.12296             0.02697             0.00073             1.00000                  14             0.50879             0.00000
                   3                  10               10000             0.10000             0.50797            15.10160             0.03364             0.00113             1.00000                  15             0.50797             0.00000
                   3                  10               10000             0.10000             0.50656            15.05958             0.05031             0.00253             1.00000                  16             0.50656             0.00000
                   3                  10               10000             0.10000             0.50273            15.02893             0.01417             0.00020             1.00000                  17             0.50273             0.00000
                   3                  10               10000             0.10000             0.50200            15.03064             0.00753             0.00006             1.00000                  18             0.50200             0.00000
                   3                  10               10000             0.10000             0.50171            15.02225             0.00788             0.00006             1.00000                  19             0.50171             0.00000
                   3                  10               10000             0.10000             0.50135            15.02032             0.00975             0.00009             1.00000                  20             0.50135             0.00000
                   3                  10               10000             0.10000             0.50065            15.00607             0.00459             0.00002             1.00000                  21             0.50065             0.00000
                   3                  10               10000             0.10000             0.50032            15.00574             0.00076             0.00000             1.00000                  22             0.50032             0.00000
                   3                  10               10000             0.10000             0.50031            15.00342             0.00168             0.00000             1.00000                  23             0.50031             0.00000
                   3                  10               10000             0.10000             0.50021            15.00357             0.00067             0.00000             1.00000                  24             0.50021             0.00000
                   3                  10               10000             0.10000             0.50019            15.00209             0.00120             0.00000             1.00000                  25             0.50019             0.00000
                   3                  10               10000             0.10000             0.50012            15.00086             0.00075             0.00000             1.00000                  26             0.50012             0.00000
                   3                  10               10000             0.10000             0.50007            15.00064             0.00075             0.00000             1.00000                  27             0.50007             0.00000
                   3                  10               10000             0.10000             0.49999            14.99995             0.00006             0.00000             1.00000                  28             0.49999             0.00000
                   3                  10               10000             0.10000             0.50000            15.00000             0.00001             0.00000             1.00000                  29             0.50000             0.00000
                   3                  10               10000             0.10000             0.50000            15.00000             0.00001             0.00000             1.00000                  30             0.50000             0.00000
                   3                  10               10000             0.10000             1.10000            22.75477             1.47518             2.17615             1.10000                   0             1.10000             0.00000
                   3                  10               10000             0.10000             1.07733            16.25408             2.81627             7.93138             1.10000                   1             1.07733             0.00000
                   3                  10               10000             0.10000             0.99024            18.87561             1.98466             3.93888             1.10000                   2             0.99024             0.00000
                   3                  10               10000             0.10000             0.93632            19.41395             1.80655             3.26361             1.10000                   3             0.93632             0.00000
                   3                  10               10000             0.10000             0.88424            20.44950             1.58899             2.52489             1.10000                   4             0.88424             0.00000
                   3                  10               10000             0.10000             0.83677            19.50079             1.37129             1.88043             1.10000                   5             0.83677             0.00000
                   3                  10               10000             0.10000             0.79500            17.28794             2.43233             5.91624             1.10000                   6             0.79500             0.00000
                   3                  10               10000             0.10000             0.64014            16.66373             0.73802             0.54467             1.10000                   7             0.64014             0.00000
                   3                  10               10000             0.10000             0.60605            16.27473             0.66392             0.44078             1.10000                   8             0.60605             0.00000
                   3                  10               10000             0.10000             0.56847            15.89884             0.28457             0.08098             1.10000                   9             0.56847             0.00000
                   3                  10               10000             0.10000             0.55740            15.74545             0.17967             0.03228             1.10000                  10             0.55740             0.00000
                   3                  10               10000             0.10000             0.55209            15.50565             0.35274             0.12442             1.10000                  11             0.55209             0.00000
                   3                  10               10000             0.10000             0.52938            15.41614             0.16981             0.02883             1.10000                  12             0.52938             0.00000
                   3                  10               10000             0.10000             0.51985            15.25504             0.07384             0.00545             1.10000                  13             0.51985             0.00000
                   3                  10               10000             0.10000             0.51715            15.24152             0.05385             0.00290             1.10000                  14             0.51715             0.00000
                   3                  10               10000             0.10000             0.51549            15.19778             0.06720             0.00452             1.10000                  15             0.51549             0.00000
                   3                  10               10000             0.10000             0.51262            15.11335             0.09825             0.00965             1.10000                  16             0.51262             0.00000
                   3                  10               10000             0.10000             0.50507            15.05573             0.02634             0.00069             1.10000                  17             0.50507             0.00000
                   3                  10               10000             0.10000             0.50370            15.05760             0.01414             0.00020             1.10000                  18             0.50370             0.00000
                   3                  10               10000             0.10000             0.50316            15.04190             0.01465             0.00021             1.10000                  19             0.50316             0.00000
                   3                  10               10000             0.10000             0.50249            15.03791             0.01790             0.00032             1.10000                  20             0.50249             0.00000
                   3                  10               10000             0.10000             0.50120            15.01124             0.00855             0.00007             1.10000                  21             0.50120             0.00000
                   3                  10               10000             0.10000             0.50060            15.01065             0.00142             0.00000             1.10000                  22             0.50060             0.00000
                   3                  10               10000             0.10000             0.50056            15.00632             0.00320             0.00001             1.10000                  23             0.50056             0.00000
                   3                  10               10000             0.10000             0.50038            15.00640             0.00121             0.00000             1.10000                  24             0.50038             0.00000
                   3                  10               10000             0.10000             0.50034            15.00369             0.00220             0.00000             1.10000                  25             0.50034             0.00000
                   3                  10               10000             0.10000             0.50020            15.00150             0.00131             0.00000             1.10000                  26             0.50020             0.00000
                   3                  10               10000             0.10000             0.50012            15.00108             0.00124             0.00000             1.10000                  27             0.50012             0.00000
                   3                  10               10000             0.10000             0.49999            14.99994             0.00007             0.00000             1.10000                  28             0.49999             0.00000
                   3                  10               10000             0.10000             0.50000            15.00001             0.00001             0.00000             1.10000                  29             0.50000             0.00000
                   3                  10               10000             0.10000             0.50000            15.00001             0.00001             0.00000             1.10000                  30             0.50000             0.00000
