     Dimensions      Particles    Metro-steps       Eq-steps     StepLength           Time     Analytical
              3              3        1000000         100000        0.10000 17531772.00000              1
              3              5        1000000         100000        0.10000 34327576.00000              1
              3              7        1000000         100000        0.10000 49805195.00000              1
              3              9        1000000         100000        0.10000 63637402.00000              1
              3             11        1000000         100000        0.10000 82495667.00000              1
              3             13        1000000         100000        0.10000 97191420.00000              1
              3             15        1000000         100000        0.10000117933028.00000              1
              3             17        1000000         100000        0.10000129072981.00000              1
              3             19        1000000         100000        0.10000144214204.00000              1
              3             21        1000000         100000        0.10000161349334.00000              1
              3             23        1000000         100000        0.10000175937527.00000              1
              3             25        1000000         100000        0.10000195822269.00000              1
              3             27        1000000         100000        0.10000209200459.00000              1
              3             29        1000000         100000        0.10000127134845.00000              1
              3             31        1000000         100000        0.10000136018047.00000              1
              3             33        1000000         100000        0.10000146023506.00000              1
              3             35        1000000         100000        0.10000153652508.00000              1
              3             37        1000000         100000        0.10000164273028.00000              1
              3             39        1000000         100000        0.10000174000295.00000              1
              3             41        1000000         100000        0.10000181121704.00000              1
              3             43        1000000         100000        0.10000190733209.00000              1
              3             45        1000000         100000        0.10000193396836.00000              1
              3             47        1000000         100000        0.10000132294095.00000              1
              3             49        1000000         100000        0.10000138180348.00000              1
              3             51        1000000         100000        0.10000191862865.00000              1
              3             53        1000000         100000        0.10000157987285.00000              1
              3             55        1000000         100000        0.10000166685402.00000              1
              3             57        1000000         100000        0.10000172452882.00000              1
              3             59        1000000         100000        0.10000174971853.00000              1
              3             61        1000000         100000        0.10000182979078.00000              1
              3             63        1000000         100000        0.10000233299429.00000              1
              3             65        1000000         100000        0.10000218112061.00000              1
              3             67        1000000         100000        0.10000235442433.00000              1
              3             69        1000000         100000        0.10000234444460.00000              1
              3             71        1000000         100000        0.10000227874415.00000              1
              3             73        1000000         100000        0.10000238437138.00000              1
              3             75        1000000         100000        0.10000302312603.00000              1
              3             77        1000000         100000        0.10000315257281.00000              1
              3             79        1000000         100000        0.10000275157563.00000              1
              3             81        1000000         100000        0.10000277664812.00000              1
              3             83        1000000         100000        0.10000299868208.00000              1
              3             85        1000000         100000        0.10000275708897.00000              1
              3             87        1000000         100000        0.10000350186595.00000              1
              3             89        1000000         100000        0.10000290327692.00000              1
              3             91        1000000         100000        0.10000324984574.00000              1
              3             93        1000000         100000        0.10000291930028.00000              1
              3             95        1000000         100000        0.10000374143568.00000              1
              3             97        1000000         100000        0.10000725796038.00000              1
              3            100        1000000         100000        0.10000758527358.00000              1
